2
2
2
2
2
2
4
4
4
4
4
4
4
4
5
5
5
5
6
6
6
6
6
6
6
6
6
7
7
7
7
8
8
8
9
13
15
23
24
24
24
24
25
25
25
25
26
26
34
37
42
42
45
45
45
46
46
46
46
47
47
48
48
52
52
52
52
62
63
65
66
67
67
67
67
68
68
68
73
75
76
76
79
83
84
87
88
94
95
95
95
96
245
246
246
246
246
275
356
356
356
357
357
452
452
452
462
462
467
467
526
527
537
586
626
635
648
676
682
684
796
846
2542
4262
4524
6241
8578
24524
83868
524646